1;0.10691847078573,0.520417861804579,0.35409146440867,0.520417861804579
2;0.519179891594015,0.121759928681104,0.90037028960127,0.767525418176846
3;0.600316402823503,0.122813358029988,0.806075860041722,0.770324951947973
4;0.58659337251752,0.0113958041836965,0.58659337251752,0.429259911291607
5;0.185527128549226,0.00863466367103305,0.185527128549226,0.00863466367103305
6;0.0726702923204924,0.274928867189512,0.714424641145915,0.274928867189512
7;0.520962046059924,0.385366325802188,0.638488923002134,0.385366325802188
8;0.704668935802685,0.0352412353293258,0.947765059973451,0.0352412353293258
9;0.381290663399264,0.507533223901122,0.543102324134859,0.507533223901122
10;0.817640958771946,0.353629871304237,0.914586656765589,0.626051091592684
11;0.224312662135069,0.268435359151447,0.527981401275461,0.268435359151447
12;0.119965572916566,0.0858663797223829,0.119965572916566,0.0858663797223829
13;0.934747350943912,0.0452293858394692,0.937934133272647,0.699545915176472
14;0.0153241490639143,0.113237278549949,0.0153241490639143,0.113237278549949
15;0.0445932059165784,0.628173378917259,0.327375656345646,0.628173378917259
16;0.922766972900064,0.625379143003281,0.922766972900064,0.796975684056567
17;0.207107345173274,0.22299571426868,0.846101239526925,0.22299571426868
18;0.144278255348431,0.168270168919067,0.144278255348431,0.570362234241841
19;0.0182140673031539,0.812403889102348,0.982386412787348,0.812403889102348
20;0.370383316997394,0.234710244963525,0.370383316997394,0.234710244963525
21;0.194761674134806,0.123385791269211,0.633321323956138,0.367552153078782
22;0.40561942136961,0.207285552659116,0.512003378815699,0.207285552659116
23;0.209280131264254,0.217845996821027,0.702980265963915,0.217845996821027
24;0.68674521437987,0.619737755773656,0.84560480477011,0.619737755773656
25;0.130705168136613,0.493969864717496,0.130705168136613,0.493969864717496
